(219,52) (211,3) (289,3) (281,52) 
(281,52) (289,3) (363,27) (341,72) 
(341,72) (363,27) (427,73) (391,109) 
(391,109) (427,73) (473,137) (428,159) 
(428,159) (473,137) (497,211) (448,219) 
(448,219) (497,211) (497,289) (448,281) 
(448,281) (497,289) (473,363) (428,341) 
(428,341) (473,363) (427,427) (391,391) 
(391,391) (427,427) (363,473) (341,428) 
(341,428) (363,473) (289,497) (281,448) 
(281,448) (289,497) (211,497) (219,448) 
(219,448) (211,497) (137,473) (159,428) 
(159,428) (137,473) (73,427) (109,391) 
(109,391) (73,427) (27,363) (72,341) 
(72,341) (27,363) (3,289) (52,281) 
(52,281) (3,289) (3,211) (52,219) 
(52,219) (3,211) (27,137) (72,159) 
(72,159) (27,137) (73,73) (109,109) 
(109,109) (73,73) (137,27) (159,72) 
(159,72) (137,27) (211,3) (219,52) 
